"tick","Remaining Humans","Remaining Zombies"
1.0,50,5
2.0,50,5
3.0,50,5
4.0,50,5
5.0,50,5
6.0,50,5
7.0,48,7
8.0,48,7
9.0,48,7
10.0,48,7
11.0,48,7
12.0,48,7
13.0,47,8
14.0,46,9
15.0,46,9
16.0,44,11
17.0,44,11
18.0,44,11
19.0,44,11
20.0,44,11
21.0,42,13
22.0,40,15
23.0,40,15
24.0,38,17
25.0,37,18
26.0,37,18
27.0,37,18
28.0,37,18
29.0,36,19
30.0,35,20
31.0,35,20
32.0,33,22
33.0,33,22
34.0,33,22
35.0,33,22
36.0,32,23
37.0,32,23
38.0,32,23
39.0,31,24
40.0,29,26
41.0,29,26
42.0,28,27
43.0,27,28
44.0,27,28
45.0,27,28
46.0,27,28
47.0,26,29
48.0,25,30
49.0,23,32
50.0,23,32
51.0,23,32
52.0,23,32
53.0,23,32
54.0,23,32
55.0,20,35
56.0,19,36
57.0,18,37
58.0,17,38
59.0,16,39
60.0,16,39
61.0,16,39
62.0,15,40
63.0,14,41
64.0,14,41
65.0,14,41
66.0,12,43
67.0,12,43
68.0,11,44
69.0,11,44
70.0,10,45
71.0,7,48
72.0,7,48
73.0,6,49
74.0,6,49
75.0,6,49
76.0,6,49
77.0,6,49
78.0,5,50
79.0,4,51
80.0,4,51
81.0,4,51
82.0,4,51
83.0,4,51
84.0,3,52
85.0,3,52
86.0,2,53
87.0,2,53
88.0,2,53
89.0,2,53
90.0,2,53
91.0,2,53
92.0,2,53
93.0,2,53
94.0,2,53
95.0,2,53
96.0,2,53
97.0,2,53
98.0,2,53
99.0,2,53
100.0,2,53
101.0,2,53
102.0,2,53
103.0,2,53
104.0,2,53
105.0,2,53
106.0,2,53
107.0,2,53
108.0,2,53
109.0,2,53
110.0,2,53
111.0,2,53
112.0,2,53
113.0,2,53
114.0,1,54
115.0,1,54
116.0,1,54
117.0,1,54
118.0,1,54
119.0,1,54
120.0,1,54
121.0,1,54
122.0,1,54
123.0,1,54
124.0,1,54
125.0,1,54
126.0,1,54
127.0,1,54
128.0,1,54
129.0,1,54
130.0,1,54
131.0,1,54
132.0,1,54
133.0,1,54
134.0,1,54
135.0,0,55
136.0,0,55
137.0,0,55
138.0,0,55
139.0,0,55
140.0,0,55
141.0,0,55
142.0,0,55
143.0,0,55
144.0,0,55
145.0,0,55
146.0,0,55
147.0,0,55
148.0,0,55
149.0,0,55
150.0,0,55
151.0,0,55
152.0,0,55
153.0,0,55
154.0,0,55
155.0,0,55
156.0,0,55
157.0,0,55
158.0,0,55
159.0,0,55
160.0,0,55
161.0,0,55
162.0,0,55
163.0,0,55
164.0,0,55
165.0,0,55
166.0,0,55
167.0,0,55
168.0,0,55
169.0,0,55
170.0,0,55
171.0,0,55
172.0,0,55
173.0,0,55
174.0,0,55
175.0,0,55
176.0,0,55
177.0,0,55
