"tick","Remaining Humans","Remaining Zombies"
1.0,50,5
2.0,50,5
3.0,50,5
4.0,50,5
5.0,48,7
6.0,47,8
7.0,46,9
8.0,46,9
9.0,46,9
10.0,46,9
11.0,45,10
12.0,44,11
13.0,44,11
14.0,44,11
15.0,44,11
16.0,43,12
17.0,43,12
18.0,43,12
19.0,43,12
20.0,43,12
21.0,43,12
22.0,41,14
23.0,40,15
24.0,39,16
25.0,39,16
26.0,39,16
27.0,37,18
28.0,37,18
29.0,36,19
30.0,36,19
31.0,34,21
32.0,34,21
33.0,34,21
34.0,34,21
35.0,32,23
36.0,32,23
37.0,31,24
38.0,31,24
39.0,29,26
40.0,29,26
41.0,29,26
42.0,28,27
43.0,27,28
44.0,26,29
45.0,25,30
46.0,25,30
47.0,25,30
48.0,25,30
49.0,25,30
50.0,25,30
51.0,25,30
52.0,25,30
53.0,24,31
54.0,24,31
55.0,24,31
56.0,24,31
57.0,23,32
58.0,22,33
59.0,21,34
60.0,21,34
61.0,21,34
62.0,20,35
63.0,19,36
64.0,16,39
65.0,16,39
66.0,16,39
67.0,16,39
68.0,15,40
69.0,15,40
70.0,14,41
71.0,13,42
72.0,12,43
73.0,12,43
74.0,11,44
75.0,11,44
76.0,10,45
77.0,9,46
78.0,9,46
79.0,9,46
80.0,8,47
81.0,8,47
82.0,8,47
83.0,8,47
84.0,6,49
85.0,5,50
86.0,5,50
87.0,5,50
88.0,5,50
89.0,4,51
90.0,4,51
91.0,4,51
92.0,4,51
93.0,4,51
94.0,4,51
95.0,3,52
96.0,3,52
97.0,3,52
98.0,3,52
99.0,2,53
100.0,2,53
101.0,2,53
102.0,2,53
103.0,2,53
104.0,1,54
105.0,1,54
106.0,1,54
107.0,1,54
108.0,1,54
109.0,1,54
110.0,1,54
111.0,1,54
112.0,1,54
113.0,1,54
114.0,1,54
115.0,1,54
116.0,1,54
117.0,1,54
118.0,1,54
119.0,1,54
120.0,1,54
121.0,1,54
122.0,1,54
123.0,0,55
124.0,0,55
125.0,0,55
126.0,0,55
127.0,0,55
128.0,0,55
129.0,0,55
130.0,0,55
131.0,0,55
132.0,0,55
133.0,0,55
134.0,0,55
135.0,0,55
136.0,0,55
137.0,0,55
138.0,0,55
139.0,0,55
140.0,0,55
141.0,0,55
142.0,0,55
143.0,0,55
144.0,0,55
145.0,0,55
146.0,0,55
147.0,0,55
148.0,0,55
149.0,0,55
150.0,0,55
151.0,0,55
152.0,0,55
153.0,0,55
154.0,0,55
155.0,0,55
156.0,0,55
157.0,0,55
158.0,0,55
159.0,0,55
160.0,0,55
161.0,0,55
162.0,0,55
163.0,0,55
164.0,0,55
165.0,0,55
166.0,0,55
167.0,0,55
168.0,0,55
169.0,0,55
170.0,0,55
171.0,0,55
172.0,0,55
173.0,0,55
174.0,0,55
175.0,0,55
176.0,0,55
177.0,0,55
178.0,0,55
179.0,0,55
180.0,0,55
181.0,0,55
182.0,0,55
183.0,0,55
184.0,0,55
185.0,0,55
186.0,0,55
187.0,0,55
188.0,0,55
189.0,0,55
190.0,0,55
191.0,0,55
192.0,0,55
193.0,0,55
194.0,0,55
195.0,0,55
196.0,0,55
197.0,0,55
198.0,0,55
199.0,0,55
200.0,0,55
201.0,0,55
202.0,0,55
203.0,0,55
204.0,0,55
205.0,0,55
206.0,0,55
207.0,0,55
208.0,0,55
209.0,0,55
210.0,0,55
211.0,0,55
212.0,0,55
213.0,0,55
214.0,0,55
215.0,0,55
216.0,0,55
217.0,0,55
218.0,0,55
219.0,0,55
220.0,0,55
221.0,0,55
222.0,0,55
223.0,0,55
224.0,0,55
225.0,0,55
226.0,0,55
227.0,0,55
228.0,0,55
229.0,0,55
230.0,0,55
231.0,0,55
232.0,0,55
233.0,0,55
234.0,0,55
235.0,0,55
236.0,0,55
237.0,0,55
238.0,0,55
239.0,0,55
240.0,0,55
241.0,0,55
242.0,0,55
243.0,0,55
244.0,0,55
245.0,0,55
246.0,0,55
247.0,0,55
248.0,0,55
249.0,0,55
250.0,0,55
251.0,0,55
252.0,0,55
253.0,0,55
254.0,0,55
255.0,0,55
256.0,0,55
257.0,0,55
258.0,0,55
259.0,0,55
260.0,0,55
261.0,0,55
262.0,0,55
263.0,0,55
264.0,0,55
265.0,0,55
266.0,0,55
267.0,0,55
268.0,0,55
269.0,0,55
270.0,0,55
271.0,0,55
272.0,0,55
273.0,0,55
274.0,0,55
275.0,0,55
276.0,0,55
277.0,0,55
278.0,0,55
279.0,0,55
280.0,0,55
281.0,0,55
282.0,0,55
283.0,0,55
284.0,0,55
285.0,0,55
286.0,0,55
287.0,0,55
288.0,0,55
289.0,0,55
290.0,0,55
291.0,0,55
292.0,0,55
293.0,0,55
294.0,0,55
295.0,0,55
296.0,0,55
297.0,0,55
298.0,0,55
299.0,0,55
300.0,0,55
301.0,0,55
302.0,0,55
303.0,0,55
304.0,0,55
305.0,0,55
306.0,0,55
307.0,0,55
308.0,0,55
309.0,0,55
310.0,0,55
311.0,0,55
312.0,0,55
313.0,0,55
314.0,0,55
315.0,0,55
316.0,0,55
317.0,0,55
318.0,0,55
319.0,0,55
320.0,0,55
321.0,0,55
322.0,0,55
323.0,0,55
324.0,0,55
325.0,0,55
326.0,0,55
327.0,0,55
328.0,0,55
329.0,0,55
330.0,0,55
331.0,0,55
332.0,0,55
333.0,0,55
334.0,0,55
335.0,0,55
336.0,0,55
337.0,0,55
338.0,0,55
339.0,0,55
340.0,0,55
341.0,0,55
342.0,0,55
343.0,0,55
344.0,0,55
345.0,0,55
346.0,0,55
347.0,0,55
348.0,0,55
349.0,0,55
350.0,0,55
351.0,0,55
352.0,0,55
353.0,0,55
354.0,0,55
355.0,0,55
356.0,0,55
357.0,0,55
358.0,0,55
359.0,0,55
360.0,0,55
361.0,0,55
362.0,0,55
363.0,0,55
364.0,0,55
365.0,0,55
366.0,0,55
367.0,0,55
368.0,0,55
369.0,0,55
370.0,0,55
371.0,0,55
372.0,0,55
373.0,0,55
374.0,0,55
375.0,0,55
376.0,0,55
377.0,0,55
378.0,0,55
379.0,0,55
380.0,0,55
381.0,0,55
382.0,0,55
383.0,0,55
384.0,0,55
385.0,0,55
386.0,0,55
387.0,0,55
388.0,0,55
389.0,0,55
390.0,0,55
391.0,0,55
392.0,0,55
393.0,0,55
394.0,0,55
395.0,0,55
396.0,0,55
397.0,0,55
398.0,0,55
399.0,0,55
400.0,0,55
401.0,0,55
402.0,0,55
403.0,0,55
404.0,0,55
405.0,0,55
406.0,0,55
407.0,0,55
408.0,0,55
409.0,0,55
410.0,0,55
411.0,0,55
412.0,0,55
413.0,0,55
414.0,0,55
415.0,0,55
416.0,0,55
417.0,0,55
418.0,0,55
419.0,0,55
420.0,0,55
421.0,0,55
422.0,0,55
423.0,0,55
424.0,0,55
425.0,0,55
426.0,0,55
427.0,0,55
428.0,0,55
429.0,0,55
430.0,0,55
431.0,0,55
432.0,0,55
433.0,0,55
434.0,0,55
435.0,0,55
436.0,0,55
437.0,0,55
438.0,0,55
439.0,0,55
440.0,0,55
441.0,0,55
442.0,0,55
443.0,0,55
444.0,0,55
445.0,0,55
446.0,0,55
447.0,0,55
448.0,0,55
449.0,0,55
450.0,0,55
451.0,0,55
452.0,0,55
453.0,0,55
454.0,0,55
455.0,0,55
456.0,0,55
457.0,0,55
458.0,0,55
459.0,0,55
460.0,0,55
461.0,0,55
462.0,0,55
463.0,0,55
464.0,0,55
465.0,0,55
466.0,0,55
467.0,0,55
468.0,0,55
469.0,0,55
470.0,0,55
471.0,0,55
472.0,0,55
473.0,0,55
474.0,0,55
475.0,0,55
476.0,0,55
477.0,0,55
478.0,0,55
479.0,0,55
480.0,0,55
481.0,0,55
482.0,0,55
483.0,0,55
484.0,0,55
485.0,0,55
486.0,0,55
487.0,0,55
488.0,0,55
489.0,0,55
490.0,0,55
491.0,0,55
492.0,0,55
493.0,0,55
494.0,0,55
495.0,0,55
496.0,0,55
497.0,0,55
498.0,0,55
499.0,0,55
500.0,0,55
501.0,0,55
502.0,0,55
503.0,0,55
504.0,0,55
505.0,0,55
506.0,0,55
507.0,0,55
508.0,0,55
509.0,0,55
510.0,0,55
511.0,0,55
512.0,0,55
513.0,0,55
514.0,0,55
515.0,0,55
516.0,0,55
517.0,0,55
518.0,0,55
519.0,0,55
520.0,0,55
521.0,0,55
522.0,0,55
523.0,0,55
524.0,0,55
525.0,0,55
526.0,0,55
527.0,0,55
528.0,0,55
529.0,0,55
530.0,0,55
531.0,0,55
532.0,0,55
533.0,0,55
534.0,0,55
535.0,0,55
536.0,0,55
537.0,0,55
538.0,0,55
539.0,0,55
540.0,0,55
541.0,0,55
542.0,0,55
543.0,0,55
544.0,0,55
545.0,0,55
546.0,0,55
547.0,0,55
548.0,0,55
549.0,0,55
550.0,0,55
551.0,0,55
552.0,0,55
553.0,0,55
554.0,0,55
555.0,0,55
556.0,0,55
557.0,0,55
558.0,0,55
559.0,0,55
560.0,0,55
561.0,0,55
562.0,0,55
563.0,0,55
564.0,0,55
565.0,0,55
566.0,0,55
567.0,0,55
