"tick","Remaining Humans","Remaining Zombies"
1.0,50,5
2.0,50,5
3.0,50,5
4.0,50,5
5.0,50,5
6.0,50,5
7.0,50,5
8.0,49,6
9.0,48,7
10.0,48,7
11.0,48,7
12.0,47,8
13.0,47,8
14.0,47,8
15.0,47,8
16.0,47,8
17.0,47,8
18.0,46,9
19.0,46,9
20.0,46,9
21.0,46,9
22.0,46,9
23.0,46,9
24.0,46,9
25.0,46,9
26.0,46,9
27.0,46,9
28.0,45,10
29.0,45,10
30.0,44,11
31.0,44,11
32.0,44,11
33.0,44,11
34.0,43,12
35.0,43,12
36.0,43,12
37.0,43,12
38.0,42,13
39.0,41,14
40.0,41,14
41.0,40,15
42.0,39,16
43.0,39,16
44.0,39,16
45.0,39,16
46.0,39,16
47.0,39,16
48.0,39,16
49.0,37,18
50.0,36,19
51.0,35,20
52.0,35,20
53.0,35,20
54.0,35,20
55.0,35,20
56.0,34,21
57.0,34,21
58.0,34,21
59.0,34,21
60.0,33,22
61.0,32,23
62.0,31,24
63.0,31,24
64.0,31,24
65.0,31,24
66.0,30,25
67.0,30,25
68.0,29,26
69.0,29,26
70.0,28,27
71.0,26,29
72.0,24,31
73.0,24,31
74.0,24,31
75.0,24,31
76.0,23,32
77.0,23,32
78.0,23,32
79.0,23,32
80.0,23,32
81.0,23,32
82.0,23,32
83.0,23,32
84.0,22,33
85.0,22,33
86.0,21,34
87.0,21,34
