"tick","Remaining Humans","Remaining Zombies"
1.0,50,5
2.0,50,5
3.0,50,5
4.0,50,5
5.0,50,5
6.0,50,5
7.0,49,6
8.0,49,6
9.0,49,6
10.0,48,7
11.0,48,7
12.0,47,8
13.0,47,8
14.0,47,8
15.0,47,8
16.0,47,8
17.0,47,8
18.0,45,10
19.0,45,10
20.0,45,10
21.0,45,10
22.0,45,10
23.0,45,10
24.0,43,12
25.0,43,12
26.0,43,12
27.0,43,12
28.0,43,12
29.0,43,12
30.0,43,12
31.0,43,12
32.0,43,12
33.0,42,13
34.0,40,15
35.0,39,16
36.0,39,16
37.0,39,16
38.0,39,16
39.0,37,18
40.0,36,19
41.0,36,19
42.0,36,19
43.0,35,20
44.0,33,22
45.0,33,22
46.0,33,22
47.0,33,22
48.0,33,22
49.0,31,24
50.0,30,25
51.0,29,26
52.0,29,26
53.0,29,26
54.0,27,28
55.0,27,28
56.0,27,28
57.0,25,30
58.0,25,30
59.0,24,31
60.0,23,32
61.0,23,32
62.0,22,33
63.0,22,33
64.0,22,33
65.0,21,34
66.0,19,36
67.0,19,36
68.0,19,36
69.0,19,36
70.0,19,36
71.0,18,37
72.0,18,37
73.0,17,38
74.0,17,38
75.0,17,38
76.0,16,39
77.0,15,40
78.0,15,40
79.0,15,40
80.0,15,40
81.0,14,41
82.0,12,43
83.0,11,44
84.0,11,44
85.0,10,45
86.0,10,45
87.0,10,45
88.0,10,45
89.0,10,45
90.0,8,47
91.0,8,47
92.0,8,47
93.0,7,48
94.0,6,49
95.0,5,50
96.0,4,51
97.0,3,52
98.0,3,52
